2021-01-26 11:34:35.644811: I tensorflow/core/platform/cpu_feature_guard.cc:143] Your CPU supports instructions that this TensorFlow binary was not compiled to use: SSE4.1 SSE4.2 AVX AVX2 AVX512F FMA
2021-01-26 11:34:35.671560: I tensorflow/core/platform/profile_utils/cpu_utils.cc:102] CPU Frequency: 2100000000 Hz
2021-01-26 11:34:35.671831: I tensorflow/compiler/xla/service/service.cc:168] XLA service 0x55fd9e497870 initialized for platform Host (this does not guarantee that XLA will be used). Devices:
2021-01-26 11:34:35.671861: I tensorflow/compiler/xla/service/service.cc:176]   StreamExecutor device (0): Host, Default Version
2021-01-26 11:34:35.672077: I tensorflow/core/common_runtime/process_util.cc:147] Creating new thread pool with default inter op setting: 2. Tune using inter_op_parallelism_threads for best performance.
___________________
point_1
- - - - - - - - - - - - -
Point-1-f.jpg
(750, 422)
+++++++++
750 750
750 750
750 750
750 750
750 750
750 750
750 750
750 750
750 750
750 750
750 750
750 750
750 750
750 750
750 750
750 750
(750, 750)
(750, 750)
(750, 750)
(750, 750)
(750, 750)
(750, 750)
(750, 750)
(750, 750)
(750, 750)
(750, 750)
(750, 750)
(750, 750)
(750, 750)
(750, 750)
(750, 750)
(750, 750)
- - - - - - - - - - - - -
Point-1-a.jpg
(750, 422)
+++++++++
750 750
750 750
750 750
750 750
750 750
750 750
750 750
750 750
750 750
750 750
750 750
750 750
750 750
750 750
750 750
750 750
(750, 750)
(750, 750)
(750, 750)
(750, 750)
(750, 750)
(750, 750)
(750, 750)
(750, 750)
(750, 750)
(750, 750)
(750, 750)
(750, 750)
(750, 750)
(750, 750)
(750, 750)
(750, 750)
- - - - - - - - - - - - -
Point-1-g.jpg
(750, 422)
+++++++++
750 750
750 750
750 750
750 750
750 750
750 750
750 750
750 750
750 750
750 750
750 750
750 750
750 750
750 750
750 750
750 750
(750, 750)
(750, 750)
(750, 750)
(750, 750)
(750, 750)
(750, 750)
(750, 750)
(750, 750)
(750, 750)
(750, 750)
(750, 750)
(750, 750)
(750, 750)
(750, 750)
(750, 750)
(750, 750)
- - - - - - - - - - - - -
Point-1-c.jpg
(750, 422)
+++++++++
750 750
750 750
750 750
750 750
750 750
750 750
750 750
750 750
750 750
750 750
750 750
750 750
750 750
750 750
750 750
750 750
(750, 750)
(750, 750)
(750, 750)
(750, 750)
(750, 750)
(750, 750)
(750, 750)
(750, 750)
(750, 750)
(750, 750)
(750, 750)
(750, 750)
(750, 750)
(750, 750)
(750, 750)
(750, 750)
- - - - - - - - - - - - -
Point-1-b.jpg
(750, 422)
+++++++++
750 750
750 750
750 750
750 750
750 750
750 750
750 750
750 750
750 750
750 750
750 750
750 750
750 750
750 750
750 750
750 750
(750, 750)
(750, 750)
(750, 750)
(750, 750)
(750, 750)
(750, 750)
(750, 750)
(750, 750)
(750, 750)
(750, 750)
(750, 750)
(750, 750)
(750, 750)
(750, 750)
(750, 750)
(750, 750)
- - - - - - - - - - - - -
Point-1-h.jpg
(750, 422)
+++++++++
750 750
750 750
750 750
750 750
750 750
750 750
750 750
750 750
750 750
750 750
750 750
750 750
750 750
750 750
750 750
750 750
(750, 750)
(750, 750)
(750, 750)
(750, 750)
(750, 750)
(750, 750)
(750, 750)
(750, 750)
(750, 750)
(750, 750)
(750, 750)
(750, 750)
(750, 750)
(750, 750)
(750, 750)
(750, 750)
- - - - - - - - - - - - -
Point-1-d.jpg
(750, 422)
+++++++++
750 750
750 750
750 750
750 750
750 750
750 750
750 750
750 750
750 750
750 750
750 750
750 750
750 750
750 750
750 750
750 750
(750, 750)
(750, 750)
(750, 750)
(750, 750)
(750, 750)
(750, 750)
(750, 750)
(750, 750)
(750, 750)
(750, 750)
(750, 750)
(750, 750)
(750, 750)
(750, 750)
(750, 750)
(750, 750)
- - - - - - - - - - - - -
Point-1-e.jpg
(750, 422)
+++++++++
750 750
750 750
750 750
750 750
750 750
750 750
750 750
750 750
750 750
750 750
750 750
750 750
750 750
750 750
750 750
750 750
(750, 750)
(750, 750)
(750, 750)
(750, 750)
(750, 750)
(750, 750)
(750, 750)
(750, 750)
(750, 750)
(750, 750)
(750, 750)
(750, 750)
(750, 750)
(750, 750)
(750, 750)
(750, 750)
___________________
point_2
- - - - - - - - - - - - -
Point-2-a.jpg
(750, 422)
+++++++++
750 750
750 750
750 750
750 750
750 750
750 750
750 750
750 750
750 750
750 750
750 750
750 750
750 750
750 750
750 750
750 750
(750, 750)
(750, 750)
(750, 750)
(750, 750)
(750, 750)
(750, 750)
(750, 750)
(750, 750)
(750, 750)
(750, 750)
(750, 750)
(750, 750)
(750, 750)
(750, 750)
(750, 750)
(750, 750)
- - - - - - - - - - - - -
Point-2-f.jpg
(750, 422)
+++++++++
750 750
750 750
750 750
750 750
750 750
750 750
750 750
750 750
750 750
750 750
750 750
750 750
750 750
750 750
750 750
750 750
(750, 750)
(750, 750)
(750, 750)
(750, 750)
(750, 750)
(750, 750)
(750, 750)
(750, 750)
(750, 750)
(750, 750)
(750, 750)
(750, 750)
(750, 750)
(750, 750)
(750, 750)
(750, 750)
- - - - - - - - - - - - -
Point-2-g.jpg
(750, 422)
+++++++++
750 750
750 750
750 750
750 750
750 750
750 750
750 750
750 750
750 750
750 750
750 750
750 750
750 750
750 750
750 750
750 750
(750, 750)
(750, 750)
(750, 750)
(750, 750)
(750, 750)
(750, 750)
(750, 750)
(750, 750)
(750, 750)
(750, 750)
(750, 750)
(750, 750)
(750, 750)
(750, 750)
(750, 750)
(750, 750)
- - - - - - - - - - - - -
Point-2-e.jpg
(750, 422)
+++++++++
750 750
750 750
750 750
750 750
750 750
750 750
750 750
750 750
750 750
750 750
750 750
750 750
750 750
750 750
750 750
750 750
(750, 750)
(750, 750)
(750, 750)
(750, 750)
(750, 750)
(750, 750)
(750, 750)
(750, 750)
(750, 750)
(750, 750)
(750, 750)
(750, 750)
(750, 750)
(750, 750)
(750, 750)
(750, 750)
- - - - - - - - - - - - -
Point-2-c.jpg
(750, 422)
+++++++++
750 750
750 750
750 750
750 750
750 750
750 750
750 750
750 750
750 750
750 750
750 750
750 750
750 750
750 750
750 750
750 750
(750, 750)
(750, 750)
(750, 750)
(750, 750)
(750, 750)
(750, 750)
(750, 750)
(750, 750)
(750, 750)
(750, 750)
(750, 750)
(750, 750)
(750, 750)
(750, 750)
(750, 750)
(750, 750)
- - - - - - - - - - - - -
Point-2-h.jpg
(750, 422)
+++++++++
750 750
750 750
750 750
750 750
750 750
750 750
750 750
750 750
750 750
750 750
750 750
750 750
750 750
750 750
750 750
750 750
(750, 750)
(750, 750)
(750, 750)
(750, 750)
(750, 750)
(750, 750)
(750, 750)
(750, 750)
(750, 750)
(750, 750)
(750, 750)
(750, 750)
(750, 750)
(750, 750)
(750, 750)
(750, 750)
- - - - - - - - - - - - -
Point-2-b.jpg
(750, 422)
+++++++++
750 750
750 750
750 750
750 750
750 750
750 750
750 750
750 750
750 750
750 750
750 750
750 750
750 750
750 750
750 750
750 750
(750, 750)
(750, 750)
(750, 750)
(750, 750)
(750, 750)
(750, 750)
(750, 750)
(750, 750)
(750, 750)
(750, 750)
(750, 750)
(750, 750)
(750, 750)
(750, 750)
(750, 750)
(750, 750)
- - - - - - - - - - - - -
Point-2-d.jpg
(750, 422)
+++++++++
750 750
750 750
750 750
750 750
750 750
750 750
750 750
750 750
750 750
750 750
750 750
750 750
750 750
750 750
750 750
750 750
(750, 750)
(750, 750)
(750, 750)
(750, 750)
(750, 750)
(750, 750)
(750, 750)
(750, 750)
(750, 750)
(750, 750)
(750, 750)
(750, 750)
(750, 750)
(750, 750)
(750, 750)
(750, 750)
___________________
point_6
- - - - - - - - - - - - -
Point-6-a.jpg
(750, 422)
+++++++++
750 750
750 750
750 750
750 750
750 750
750 750
750 750
750 750
750 750
750 750
750 750
750 750
750 750
750 750
750 750
750 750
(750, 750)
(750, 750)
(750, 750)
(750, 750)
(750, 750)
(750, 750)
(750, 750)
(750, 750)
(750, 750)
(750, 750)
(750, 750)
(750, 750)
(750, 750)
(750, 750)
(750, 750)
(750, 750)
- - - - - - - - - - - - -
Point-6-h.jpg
(750, 422)
+++++++++
750 750
750 750
750 750
750 750
750 750
750 750
750 750
750 750
750 750
750 750
750 750
750 750
750 750
750 750
750 750
750 750
(750, 750)
(750, 750)
(750, 750)
(750, 750)
(750, 750)
(750, 750)
(750, 750)
(750, 750)
(750, 750)
(750, 750)
(750, 750)
(750, 750)
(750, 750)
(750, 750)
(750, 750)
(750, 750)
- - - - - - - - - - - - -
Point-6-b.jpg
(750, 422)
+++++++++
750 750
750 750
750 750
750 750
750 750
750 750
750 750
750 750
750 750
750 750
750 750
750 750
750 750
750 750
750 750
750 750
(750, 750)
(750, 750)
(750, 750)
(750, 750)
(750, 750)
(750, 750)
(750, 750)
(750, 750)
(750, 750)
(750, 750)
(750, 750)
(750, 750)
(750, 750)
(750, 750)
(750, 750)
(750, 750)
- - - - - - - - - - - - -
Point-6-g.jpg
(750, 422)
+++++++++
750 750
750 750
750 750
750 750
750 750
750 750
750 750
750 750
750 750
750 750
750 750
750 750
750 750
750 750
750 750
750 750
(750, 750)
(750, 750)
(750, 750)
(750, 750)
(750, 750)
(750, 750)
(750, 750)
(750, 750)
(750, 750)
(750, 750)
(750, 750)
(750, 750)
(750, 750)
(750, 750)
(750, 750)
(750, 750)
- - - - - - - - - - - - -
Point-6-c.jpg
(750, 422)
+++++++++
750 750
750 750
750 750
750 750
750 750
750 750
750 750
750 750
750 750
750 750
750 750
750 750
750 750
750 750
750 750
750 750
(750, 750)
(750, 750)
(750, 750)
(750, 750)
(750, 750)
(750, 750)
(750, 750)
(750, 750)
(750, 750)
(750, 750)
(750, 750)
(750, 750)
(750, 750)
(750, 750)
(750, 750)
(750, 750)
- - - - - - - - - - - - -
Point-6-d.jpg
(750, 422)
+++++++++
750 750
750 750
750 750
750 750
750 750
750 750
750 750
750 750
750 750
750 750
750 750
750 750
750 750
750 750
750 750
750 750
(750, 750)
(750, 750)
(750, 750)
(750, 750)
(750, 750)
(750, 750)
(750, 750)
(750, 750)
(750, 750)
(750, 750)
(750, 750)
(750, 750)
(750, 750)
(750, 750)
(750, 750)
(750, 750)
- - - - - - - - - - - - -
Point-6-e.jpg
(750, 422)
+++++++++
750 750
750 750
750 750
750 750
750 750
750 750
750 750
750 750
750 750
750 750
750 750
750 750
750 750
750 750
750 750
750 750
(750, 750)
(750, 750)
(750, 750)
(750, 750)
(750, 750)
(750, 750)
(750, 750)
(750, 750)
(750, 750)
(750, 750)
(750, 750)
(750, 750)
(750, 750)
(750, 750)
(750, 750)
(750, 750)
- - - - - - - - - - - - -
Point-6-f.jpg
(750, 422)
+++++++++
750 750
750 750
750 750
750 750
750 750
750 750
750 750
750 750
750 750
750 750
750 750
750 750
750 750
750 750
750 750
750 750
(750, 750)
(750, 750)
(750, 750)
(750, 750)
(750, 750)
(750, 750)
(750, 750)
(750, 750)
(750, 750)
(750, 750)
(750, 750)
(750, 750)
(750, 750)
(750, 750)
(750, 750)
(750, 750)
___________________
point_7
- - - - - - - - - - - - -
Point-7-d.jpg
(750, 422)
+++++++++
750 750
750 750
750 750
750 750
750 750
750 750
750 750
750 750
750 750
750 750
750 750
750 750
750 750
750 750
750 750
750 750
(750, 750)
(750, 750)
(750, 750)
(750, 750)
(750, 750)
(750, 750)
(750, 750)
(750, 750)
(750, 750)
(750, 750)
(750, 750)
(750, 750)
(750, 750)
(750, 750)
(750, 750)
(750, 750)
- - - - - - - - - - - - -
Point-7-g.jpg
(750, 422)
+++++++++
750 750
750 750
750 750
750 750
750 750
750 750
750 750
750 750
750 750
750 750
750 750
750 750
750 750
750 750
750 750
750 750
(750, 750)
(750, 750)
(750, 750)
(750, 750)
(750, 750)
(750, 750)
(750, 750)
(750, 750)
(750, 750)
(750, 750)
(750, 750)
(750, 750)
(750, 750)
(750, 750)
(750, 750)
(750, 750)
- - - - - - - - - - - - -
Point-7-f.jpg
(750, 422)
+++++++++
750 750
750 750
750 750
750 750
750 750
750 750
750 750
750 750
750 750
750 750
750 750
750 750
750 750
750 750
750 750
750 750
(750, 750)
(750, 750)
(750, 750)
(750, 750)
(750, 750)
(750, 750)
(750, 750)
(750, 750)
(750, 750)
(750, 750)
(750, 750)
(750, 750)
(750, 750)
(750, 750)
(750, 750)
(750, 750)
- - - - - - - - - - - - -
Point-7-h.jpg
(750, 422)
+++++++++
750 750
750 750
750 750
750 750
750 750
750 750
750 750
750 750
750 750
750 750
750 750
750 750
750 750
750 750
750 750
750 750
(750, 750)
(750, 750)
(750, 750)
(750, 750)
(750, 750)
(750, 750)
(750, 750)
(750, 750)
(750, 750)
(750, 750)
(750, 750)
(750, 750)
(750, 750)
(750, 750)
(750, 750)
(750, 750)
- - - - - - - - - - - - -
Point-7-c.jpg
(750, 422)
+++++++++
750 750
750 750
750 750
750 750
750 750
750 750
750 750
750 750
750 750
750 750
750 750
750 750
750 750
750 750
750 750
750 750
(750, 750)
(750, 750)
(750, 750)
(750, 750)
(750, 750)
(750, 750)
(750, 750)
(750, 750)
(750, 750)
(750, 750)
(750, 750)
(750, 750)
(750, 750)
(750, 750)
(750, 750)
(750, 750)
- - - - - - - - - - - - -
Point-7-e.jpg
(750, 422)
+++++++++
750 750
750 750
750 750
750 750
750 750
750 750
750 750
750 750
750 750
750 750
750 750
750 750
750 750
750 750
750 750
750 750
(750, 750)
(750, 750)
(750, 750)
(750, 750)
(750, 750)
(750, 750)
(750, 750)
(750, 750)
(750, 750)
(750, 750)
(750, 750)
(750, 750)
(750, 750)
(750, 750)
(750, 750)
(750, 750)
- - - - - - - - - - - - -
Point-7-b.jpg
(750, 422)
+++++++++
750 750
750 750
750 750
750 750
750 750
750 750
750 750
750 750
750 750
750 750
750 750
750 750
750 750
750 750
750 750
750 750
(750, 750)
(750, 750)
(750, 750)
(750, 750)
(750, 750)
(750, 750)
(750, 750)
(750, 750)
(750, 750)
(750, 750)
(750, 750)
(750, 750)
(750, 750)
(750, 750)
(750, 750)
(750, 750)
- - - - - - - - - - - - -
Point-7-a.jpg
(750, 422)
+++++++++
750 750
750 750
750 750
750 750
750 750
750 750
750 750
750 750
750 750
750 750
750 750
750 750
750 750
750 750
750 750
750 750
(750, 750)
(750, 750)
(750, 750)
(750, 750)
(750, 750)
(750, 750)
(750, 750)
(750, 750)
(750, 750)
(750, 750)
(750, 750)
(750, 750)
(750, 750)
(750, 750)
(750, 750)
(750, 750)
___________________
point_5
- - - - - - - - - - - - -
Point-5-e.jpg
(750, 422)
+++++++++
750 750
750 750
750 750
750 750
750 750
750 750
750 750
750 750
750 750
750 750
750 750
750 750
750 750
750 750
750 750
750 750
(750, 750)
(750, 750)
(750, 750)
(750, 750)
(750, 750)
(750, 750)
(750, 750)
(750, 750)
(750, 750)
(750, 750)
(750, 750)
(750, 750)
(750, 750)
(750, 750)
(750, 750)
(750, 750)
- - - - - - - - - - - - -
Point-5-f.jpg
(750, 422)
+++++++++
750 750
750 750
750 750
750 750
750 750
750 750
750 750
750 750
750 750
750 750
750 750
750 750
750 750
750 750
750 750
750 750
(750, 750)
(750, 750)
(750, 750)
(750, 750)
(750, 750)
(750, 750)
(750, 750)
(750, 750)
(750, 750)
(750, 750)
(750, 750)
(750, 750)
(750, 750)
(750, 750)
(750, 750)
(750, 750)
- - - - - - - - - - - - -
Point-5-b.jpg
(750, 422)
+++++++++
750 750
750 750
750 750
750 750
750 750
750 750
750 750
750 750
750 750
750 750
750 750
750 750
750 750
750 750
750 750
750 750
(750, 750)
(750, 750)
(750, 750)
(750, 750)
(750, 750)
(750, 750)
(750, 750)
(750, 750)
(750, 750)
(750, 750)
(750, 750)
(750, 750)
(750, 750)
(750, 750)
(750, 750)
(750, 750)
- - - - - - - - - - - - -
Point-5-d.jpg
(750, 422)
+++++++++
750 750
750 750
750 750
750 750
750 750
750 750
750 750
750 750
750 750
750 750
750 750
750 750
750 750
750 750
750 750
750 750
(750, 750)
(750, 750)
(750, 750)
(750, 750)
(750, 750)
(750, 750)
(750, 750)
(750, 750)
(750, 750)
(750, 750)
(750, 750)
(750, 750)
(750, 750)
(750, 750)
(750, 750)
(750, 750)
- - - - - - - - - - - - -
Point-5-c.jpg
(750, 422)
+++++++++
750 750
750 750
750 750
750 750
750 750
750 750
750 750
750 750
750 750
750 750
750 750
750 750
750 750
750 750
750 750
750 750
(750, 750)
(750, 750)
(750, 750)
(750, 750)
(750, 750)
(750, 750)
(750, 750)
(750, 750)
(750, 750)
(750, 750)
(750, 750)
(750, 750)
(750, 750)
(750, 750)
(750, 750)
(750, 750)
- - - - - - - - - - - - -
Point-5-g.jpg
(750, 422)
+++++++++
750 750
750 750
750 750
750 750
750 750
750 750
750 750
750 750
750 750
750 750
750 750
750 750
750 750
750 750
750 750
750 750
(750, 750)
(750, 750)
(750, 750)
(750, 750)
(750, 750)
(750, 750)
(750, 750)
(750, 750)
(750, 750)
(750, 750)
(750, 750)
(750, 750)
(750, 750)
(750, 750)
(750, 750)
(750, 750)
- - - - - - - - - - - - -
Point-5-a.jpg
(750, 422)
+++++++++
750 750
750 750
750 750
750 750
750 750
750 750
750 750
750 750
750 750
750 750
750 750
750 750
750 750
750 750
750 750
750 750
(750, 750)
(750, 750)
(750, 750)
(750, 750)
(750, 750)
(750, 750)
(750, 750)
(750, 750)
(750, 750)
(750, 750)
(750, 750)
(750, 750)
(750, 750)
(750, 750)
(750, 750)
(750, 750)
- - - - - - - - - - - - -
Point-5-h.jpg
(750, 422)
+++++++++
750 750
750 750
750 750
750 750
750 750
750 750
750 750
750 750
750 750
750 750
750 750
750 750
750 750
750 750
750 750
750 750
(750, 750)
(750, 750)
(750, 750)
(750, 750)
(750, 750)
(750, 750)
(750, 750)
(750, 750)
(750, 750)
(750, 750)
(750, 750)
(750, 750)
(750, 750)
(750, 750)
(750, 750)
(750, 750)
___________________
point_3
- - - - - - - - - - - - -
Point-3-h.jpg
(750, 422)
+++++++++
750 750
750 750
750 750
750 750
750 750
750 750
750 750
750 750
750 750
750 750
750 750
750 750
750 750
750 750
750 750
750 750
(750, 750)
(750, 750)
(750, 750)
(750, 750)
(750, 750)
(750, 750)
(750, 750)
(750, 750)
(750, 750)
(750, 750)
(750, 750)
(750, 750)
(750, 750)
(750, 750)
(750, 750)
(750, 750)
- - - - - - - - - - - - -
Point-3-f.jpg
(750, 422)
+++++++++
750 750
750 750
750 750
750 750
750 750
750 750
750 750
750 750
750 750
750 750
750 750
750 750
750 750
750 750
750 750
750 750
(750, 750)
(750, 750)
(750, 750)
(750, 750)
(750, 750)
(750, 750)
(750, 750)
(750, 750)
(750, 750)
(750, 750)
(750, 750)
(750, 750)
(750, 750)
(750, 750)
(750, 750)
(750, 750)
- - - - - - - - - - - - -
Point-3-c.jpg
(750, 422)
+++++++++
750 750
750 750
750 750
750 750
750 750
750 750
750 750
750 750
750 750
750 750
750 750
750 750
750 750
750 750
750 750
750 750
(750, 750)
(750, 750)
(750, 750)
(750, 750)
(750, 750)
(750, 750)
(750, 750)
(750, 750)
(750, 750)
(750, 750)
(750, 750)
(750, 750)
(750, 750)
(750, 750)
(750, 750)
(750, 750)
- - - - - - - - - - - - -
Point-3-a.jpg
(750, 422)
+++++++++
750 750
750 750
750 750
750 750
750 750
750 750
750 750
750 750
750 750
750 750
750 750
750 750
750 750
750 750
750 750
750 750
(750, 750)
(750, 750)
(750, 750)
(750, 750)
(750, 750)
(750, 750)
(750, 750)
(750, 750)
(750, 750)
(750, 750)
(750, 750)
(750, 750)
(750, 750)
(750, 750)
(750, 750)
(750, 750)
- - - - - - - - - - - - -
POint-3-g.jpg
(750, 422)
+++++++++
750 750
750 750
750 750
750 750
750 750
750 750
750 750
750 750
750 750
750 750
750 750
750 750
750 750
750 750
750 750
750 750
(750, 750)
(750, 750)
(750, 750)
(750, 750)
(750, 750)
(750, 750)
(750, 750)
(750, 750)
(750, 750)
(750, 750)
(750, 750)
(750, 750)
(750, 750)
(750, 750)
(750, 750)
(750, 750)
- - - - - - - - - - - - -
Point-3-b.jpg
(750, 422)
+++++++++
750 750
750 750
750 750
750 750
750 750
750 750
750 750
750 750
750 750
750 750
750 750
750 750
750 750
750 750
750 750
750 750
(750, 750)
(750, 750)
(750, 750)
(750, 750)
(750, 750)
(750, 750)
(750, 750)
(750, 750)
(750, 750)
(750, 750)
(750, 750)
(750, 750)
(750, 750)
(750, 750)
(750, 750)
(750, 750)
- - - - - - - - - - - - -
Point-3-d.jpg
(750, 422)
+++++++++
750 750
750 750
750 750
750 750
750 750
750 750
750 750
750 750
750 750
750 750
750 750
750 750
750 750
750 750
750 750
750 750
(750, 750)
(750, 750)
(750, 750)
(750, 750)
(750, 750)
(750, 750)
(750, 750)
(750, 750)
(750, 750)
(750, 750)
(750, 750)
(750, 750)
(750, 750)
(750, 750)
(750, 750)
(750, 750)
- - - - - - - - - - - - -
Point-3-e.jpg
(750, 422)
+++++++++
750 750
750 750
750 750
750 750
750 750
750 750
750 750
750 750
750 750
750 750
750 750
750 750
750 750
750 750
750 750
750 750
(750, 750)
(750, 750)
(750, 750)
(750, 750)
(750, 750)
(750, 750)
(750, 750)
(750, 750)
(750, 750)
(750, 750)
(750, 750)
(750, 750)
(750, 750)
(750, 750)
(750, 750)
(750, 750)
___________________
point_4
- - - - - - - - - - - - -
Point-4-e.jpg
(750, 422)
+++++++++
750 750
750 750
750 750
750 750
750 750
750 750
750 750
750 750
750 750
750 750
750 750
750 750
750 750
750 750
750 750
750 750
(750, 750)
(750, 750)
(750, 750)
(750, 750)
(750, 750)
(750, 750)
(750, 750)
(750, 750)
(750, 750)
(750, 750)
(750, 750)
(750, 750)
(750, 750)
(750, 750)
(750, 750)
(750, 750)
- - - - - - - - - - - - -
Point-4-d.jpg
(750, 422)
+++++++++
750 750
750 750
750 750
750 750
750 750
750 750
750 750
750 750
750 750
750 750
750 750
750 750
750 750
750 750
750 750
750 750
(750, 750)
(750, 750)
(750, 750)
(750, 750)
(750, 750)
(750, 750)
(750, 750)
(750, 750)
(750, 750)
(750, 750)
(750, 750)
(750, 750)
(750, 750)
(750, 750)
(750, 750)
(750, 750)
- - - - - - - - - - - - -
Point-4-c.jpg
(750, 422)
+++++++++
750 750
750 750
750 750
750 750
750 750
750 750
750 750
750 750
750 750
750 750
750 750
750 750
750 750
750 750
750 750
750 750
(750, 750)
(750, 750)
(750, 750)
(750, 750)
(750, 750)
(750, 750)
(750, 750)
(750, 750)
(750, 750)
(750, 750)
(750, 750)
(750, 750)
(750, 750)
(750, 750)
(750, 750)
(750, 750)
- - - - - - - - - - - - -
Point-4-a.jpg
(750, 422)
+++++++++
750 750
750 750
750 750
750 750
750 750
750 750
750 750
750 750
750 750
750 750
750 750
750 750
750 750
750 750
750 750
750 750
(750, 750)
(750, 750)
(750, 750)
(750, 750)
(750, 750)
(750, 750)
(750, 750)
(750, 750)
(750, 750)
(750, 750)
(750, 750)
(750, 750)
(750, 750)
(750, 750)
(750, 750)
(750, 750)
- - - - - - - - - - - - -
Point-4-f.jpg
(750, 422)
+++++++++
750 750
750 750
750 750
750 750
750 750
750 750
750 750
750 750
750 750
750 750
750 750
750 750
750 750
750 750
750 750
750 750
(750, 750)
(750, 750)
(750, 750)
(750, 750)
(750, 750)
(750, 750)
(750, 750)
(750, 750)
(750, 750)
(750, 750)
(750, 750)
(750, 750)
(750, 750)
(750, 750)
(750, 750)
(750, 750)
- - - - - - - - - - - - -
Point-4-h.jpg
(750, 422)
+++++++++
750 750
750 750
750 750
750 750
750 750
750 750
750 750
750 750
750 750
750 750
750 750
750 750
750 750
750 750
750 750
750 750
(750, 750)
(750, 750)
(750, 750)
(750, 750)
(750, 750)
(750, 750)
(750, 750)
(750, 750)
(750, 750)
(750, 750)
(750, 750)
(750, 750)
(750, 750)
(750, 750)
(750, 750)
(750, 750)
- - - - - - - - - - - - -
Point-4-g.jpg
(750, 422)
+++++++++
750 750
750 750
750 750
750 750
750 750
750 750
750 750
750 750
750 750
750 750
750 750
750 750
750 750
750 750
750 750
750 750
(750, 750)
(750, 750)
(750, 750)
(750, 750)
(750, 750)
(750, 750)
(750, 750)
(750, 750)
(750, 750)
(750, 750)
(750, 750)
(750, 750)
(750, 750)
(750, 750)
(750, 750)
(750, 750)
- - - - - - - - - - - - -
Point-4-b.jpg
(750, 422)
+++++++++
750 750
750 750
750 750
750 750
750 750
750 750
750 750
750 750
750 750
750 750
750 750
750 750
750 750
750 750
750 750
750 750
(750, 750)
(750, 750)
(750, 750)
(750, 750)
(750, 750)
(750, 750)
(750, 750)
(750, 750)
(750, 750)
(750, 750)
(750, 750)
(750, 750)
(750, 750)
(750, 750)
(750, 750)
(750, 750)
(750, 750)
(750, 750)
(750, 750)
(750, 750)
(750, 750)
(750, 750)
(750, 750)
(750, 750)
(750, 750)
(750, 750)
(750, 750)
(750, 750)
(750, 750)
(750, 750)
(750, 750)
(750, 750)
(750, 750)
(750, 750)
(750, 750)
(750, 750)
(750, 750)
(750, 750)
(750, 750)
(750, 750)
(750, 750)
(750, 750)
(750, 750)
(750, 750)
(750, 750)
(750, 750)
(750, 750)
(750, 750)
(750, 750)
(750, 750)
(750, 750)
(750, 750)
(750, 750)
(750, 750)
(750, 750)
(750, 750)
(750, 750)
(750, 750)
(750, 750)
(750, 750)
(750, 750)
(750, 750)
(750, 750)
(750, 750)
(750, 750)
(750, 750)
(750, 750)
(750, 750)
(750, 750)
(750, 750)
(750, 750)
(750, 750)
(750, 750)
(750, 750)
(750, 750)
(750, 750)
(750, 750)
(750, 750)
(750, 750)
(750, 750)
(750, 750)
(750, 750)
(750, 750)
(750, 750)
(750, 750)
(750, 750)
(750, 750)
(750, 750)
(750, 750)
(750, 750)
(750, 750)
(750, 750)
(750, 750)
(750, 750)
(750, 750)
(750, 750)
(750, 750)
(750, 750)
(750, 750)
(750, 750)
(750, 750)
(750, 750)
(750, 750)
(750, 750)
(750, 750)
(750, 750)
(750, 750)
(750, 750)
(750, 750)
(750, 750)
(750, 750)
(750, 750)
(750, 750)
(750, 750)
(750, 750)
(750, 750)
(750, 750)
(750, 750)
(750, 750)
(750, 750)
(750, 750)
(750, 750)
(750, 750)
(750, 750)
(750, 750)
(750, 750)
(750, 750)
(750, 750)
(1, 750, 750)
Epoch 1/13
1/1 - 1s - loss: 0.2967 - val_loss: 0.4224
Epoch 2/13
1/1 - 1s - loss: 0.4543 - val_loss: 0.3808
Epoch 3/13
1/1 - 1s - loss: 0.3214 - val_loss: 0.3620
Epoch 4/13
1/1 - 1s - loss: 0.2884 - val_loss: 0.3617
Epoch 5/13
1/1 - 1s - loss: 0.2627 - val_loss: 0.3418
Epoch 6/13
1/1 - 1s - loss: 0.2577 - val_loss: 0.3493
Epoch 7/13
1/1 - 1s - loss: 0.2640 - val_loss: 0.3367
Epoch 8/13
1/1 - 1s - loss: 0.2801 - val_loss: 0.3591
Epoch 9/13
1/1 - 1s - loss: 0.2625 - val_loss: 0.3206
Epoch 10/13
1/1 - 1s - loss: 0.2563 - val_loss: 0.3448
Epoch 11/13
1/1 - 1s - loss: 0.2406 - val_loss: 0.3158
Epoch 12/13
1/1 - 1s - loss: 0.2409 - val_loss: 0.3342
Epoch 13/13
1/1 - 1s - loss: 0.2491 - val_loss: 0.3144
0.5714285714285714
