2021-01-21 11:03:09.158017: I tensorflow/core/platform/cpu_feature_guard.cc:143] Your CPU supports instructions that this TensorFlow binary was not compiled to use: SSE4.1 SSE4.2 AVX AVX2 AVX512F FMA
2021-01-21 11:03:09.187216: I tensorflow/core/platform/profile_utils/cpu_utils.cc:102] CPU Frequency: 2100000000 Hz
2021-01-21 11:03:09.187442: I tensorflow/compiler/xla/service/service.cc:168] XLA service 0x562f69a2ad70 initialized for platform Host (this does not guarantee that XLA will be used). Devices:
2021-01-21 11:03:09.187470: I tensorflow/compiler/xla/service/service.cc:176]   StreamExecutor device (0): Host, Default Version
2021-01-21 11:03:09.187662: I tensorflow/core/common_runtime/process_util.cc:147] Creating new thread pool with default inter op setting: 2. Tune using inter_op_parallelism_threads for best performance.
___________________
point_1
- - - - - - - - - - - - -
Point-1-f.jpg
(250, 141)
+++++++++
250 250
250 250
250 250
250 250
250 250
250 250
250 250
250 250
250 250
250 250
250 250
250 250
250 250
250 250
250 250
250 250
(250, 250)
(250, 250)
(250, 250)
(250, 250)
(250, 250)
(250, 250)
(250, 250)
(250, 250)
(250, 250)
(250, 250)
(250, 250)
(250, 250)
(250, 250)
(250, 250)
(250, 250)
(250, 250)
- - - - - - - - - - - - -
Point-1-a.jpg
(250, 141)
+++++++++
250 250
250 250
250 250
250 250
250 250
250 250
250 250
250 250
250 250
250 250
250 250
250 250
250 250
250 250
250 250
250 250
(250, 250)
(250, 250)
(250, 250)
(250, 250)
(250, 250)
(250, 250)
(250, 250)
(250, 250)
(250, 250)
(250, 250)
(250, 250)
(250, 250)
(250, 250)
(250, 250)
(250, 250)
(250, 250)
- - - - - - - - - - - - -
Point-1-g.jpg
(250, 141)
+++++++++
250 250
250 250
250 250
250 250
250 250
250 250
250 250
250 250
250 250
250 250
250 250
250 250
250 250
250 250
250 250
250 250
(250, 250)
(250, 250)
(250, 250)
(250, 250)
(250, 250)
(250, 250)
(250, 250)
(250, 250)
(250, 250)
(250, 250)
(250, 250)
(250, 250)
(250, 250)
(250, 250)
(250, 250)
(250, 250)
- - - - - - - - - - - - -
Point-1-c.jpg
(250, 141)
+++++++++
250 250
250 250
250 250
250 250
250 250
250 250
250 250
250 250
250 250
250 250
250 250
250 250
250 250
250 250
250 250
250 250
(250, 250)
(250, 250)
(250, 250)
(250, 250)
(250, 250)
(250, 250)
(250, 250)
(250, 250)
(250, 250)
(250, 250)
(250, 250)
(250, 250)
(250, 250)
(250, 250)
(250, 250)
(250, 250)
- - - - - - - - - - - - -
Point-1-b.jpg
(250, 141)
+++++++++
250 250
250 250
250 250
250 250
250 250
250 250
250 250
250 250
250 250
250 250
250 250
250 250
250 250
250 250
250 250
250 250
(250, 250)
(250, 250)
(250, 250)
(250, 250)
(250, 250)
(250, 250)
(250, 250)
(250, 250)
(250, 250)
(250, 250)
(250, 250)
(250, 250)
(250, 250)
(250, 250)
(250, 250)
(250, 250)
- - - - - - - - - - - - -
Point-1-h.jpg
(250, 141)
+++++++++
250 250
250 250
250 250
250 250
250 250
250 250
250 250
250 250
250 250
250 250
250 250
250 250
250 250
250 250
250 250
250 250
(250, 250)
(250, 250)
(250, 250)
(250, 250)
(250, 250)
(250, 250)
(250, 250)
(250, 250)
(250, 250)
(250, 250)
(250, 250)
(250, 250)
(250, 250)
(250, 250)
(250, 250)
(250, 250)
- - - - - - - - - - - - -
Point-1-d.jpg
(250, 141)
+++++++++
250 250
250 250
250 250
250 250
250 250
250 250
250 250
250 250
250 250
250 250
250 250
250 250
250 250
250 250
250 250
250 250
(250, 250)
(250, 250)
(250, 250)
(250, 250)
(250, 250)
(250, 250)
(250, 250)
(250, 250)
(250, 250)
(250, 250)
(250, 250)
(250, 250)
(250, 250)
(250, 250)
(250, 250)
(250, 250)
- - - - - - - - - - - - -
Point-1-e.jpg
(250, 141)
+++++++++
250 250
250 250
250 250
250 250
250 250
250 250
250 250
250 250
250 250
250 250
250 250
250 250
250 250
250 250
250 250
250 250
(250, 250)
(250, 250)
(250, 250)
(250, 250)
(250, 250)
(250, 250)
(250, 250)
(250, 250)
(250, 250)
(250, 250)
(250, 250)
(250, 250)
(250, 250)
(250, 250)
(250, 250)
(250, 250)
___________________
point_2
- - - - - - - - - - - - -
Point-2-a.jpg
(250, 141)
+++++++++
250 250
250 250
250 250
250 250
250 250
250 250
250 250
250 250
250 250
250 250
250 250
250 250
250 250
250 250
250 250
250 250
(250, 250)
(250, 250)
(250, 250)
(250, 250)
(250, 250)
(250, 250)
(250, 250)
(250, 250)
(250, 250)
(250, 250)
(250, 250)
(250, 250)
(250, 250)
(250, 250)
(250, 250)
(250, 250)
- - - - - - - - - - - - -
Point-2-f.jpg
(250, 141)
+++++++++
250 250
250 250
250 250
250 250
250 250
250 250
250 250
250 250
250 250
250 250
250 250
250 250
250 250
250 250
250 250
250 250
(250, 250)
(250, 250)
(250, 250)
(250, 250)
(250, 250)
(250, 250)
(250, 250)
(250, 250)
(250, 250)
(250, 250)
(250, 250)
(250, 250)
(250, 250)
(250, 250)
(250, 250)
(250, 250)
- - - - - - - - - - - - -
Point-2-g.jpg
(250, 141)
+++++++++
250 250
250 250
250 250
250 250
250 250
250 250
250 250
250 250
250 250
250 250
250 250
250 250
250 250
250 250
250 250
250 250
(250, 250)
(250, 250)
(250, 250)
(250, 250)
(250, 250)
(250, 250)
(250, 250)
(250, 250)
(250, 250)
(250, 250)
(250, 250)
(250, 250)
(250, 250)
(250, 250)
(250, 250)
(250, 250)
- - - - - - - - - - - - -
Point-2-e.jpg
(250, 141)
+++++++++
250 250
250 250
250 250
250 250
250 250
250 250
250 250
250 250
250 250
250 250
250 250
250 250
250 250
250 250
250 250
250 250
(250, 250)
(250, 250)
(250, 250)
(250, 250)
(250, 250)
(250, 250)
(250, 250)
(250, 250)
(250, 250)
(250, 250)
(250, 250)
(250, 250)
(250, 250)
(250, 250)
(250, 250)
(250, 250)
- - - - - - - - - - - - -
Point-2-c.jpg
(250, 141)
+++++++++
250 250
250 250
250 250
250 250
250 250
250 250
250 250
250 250
250 250
250 250
250 250
250 250
250 250
250 250
250 250
250 250
(250, 250)
(250, 250)
(250, 250)
(250, 250)
(250, 250)
(250, 250)
(250, 250)
(250, 250)
(250, 250)
(250, 250)
(250, 250)
(250, 250)
(250, 250)
(250, 250)
(250, 250)
(250, 250)
- - - - - - - - - - - - -
Point-2-h.jpg
(250, 141)
+++++++++
250 250
250 250
250 250
250 250
250 250
250 250
250 250
250 250
250 250
250 250
250 250
250 250
250 250
250 250
250 250
250 250
(250, 250)
(250, 250)
(250, 250)
(250, 250)
(250, 250)
(250, 250)
(250, 250)
(250, 250)
(250, 250)
(250, 250)
(250, 250)
(250, 250)
(250, 250)
(250, 250)
(250, 250)
(250, 250)
- - - - - - - - - - - - -
Point-2-b.jpg
(250, 141)
+++++++++
250 250
250 250
250 250
250 250
250 250
250 250
250 250
250 250
250 250
250 250
250 250
250 250
250 250
250 250
250 250
250 250
(250, 250)
(250, 250)
(250, 250)
(250, 250)
(250, 250)
(250, 250)
(250, 250)
(250, 250)
(250, 250)
(250, 250)
(250, 250)
(250, 250)
(250, 250)
(250, 250)
(250, 250)
(250, 250)
- - - - - - - - - - - - -
Point-2-d.jpg
(250, 141)
+++++++++
250 250
250 250
250 250
250 250
250 250
250 250
250 250
250 250
250 250
250 250
250 250
250 250
250 250
250 250
250 250
250 250
(250, 250)
(250, 250)
(250, 250)
(250, 250)
(250, 250)
(250, 250)
(250, 250)
(250, 250)
(250, 250)
(250, 250)
(250, 250)
(250, 250)
(250, 250)
(250, 250)
(250, 250)
(250, 250)
___________________
point_6
- - - - - - - - - - - - -
Point-6-a.jpg
(250, 141)
+++++++++
250 250
250 250
250 250
250 250
250 250
250 250
250 250
250 250
250 250
250 250
250 250
250 250
250 250
250 250
250 250
250 250
(250, 250)
(250, 250)
(250, 250)
(250, 250)
(250, 250)
(250, 250)
(250, 250)
(250, 250)
(250, 250)
(250, 250)
(250, 250)
(250, 250)
(250, 250)
(250, 250)
(250, 250)
(250, 250)
- - - - - - - - - - - - -
Point-6-h.jpg
(250, 141)
+++++++++
250 250
250 250
250 250
250 250
250 250
250 250
250 250
250 250
250 250
250 250
250 250
250 250
250 250
250 250
250 250
250 250
(250, 250)
(250, 250)
(250, 250)
(250, 250)
(250, 250)
(250, 250)
(250, 250)
(250, 250)
(250, 250)
(250, 250)
(250, 250)
(250, 250)
(250, 250)
(250, 250)
(250, 250)
(250, 250)
- - - - - - - - - - - - -
Point-6-b.jpg
(250, 141)
+++++++++
250 250
250 250
250 250
250 250
250 250
250 250
250 250
250 250
250 250
250 250
250 250
250 250
250 250
250 250
250 250
250 250
(250, 250)
(250, 250)
(250, 250)
(250, 250)
(250, 250)
(250, 250)
(250, 250)
(250, 250)
(250, 250)
(250, 250)
(250, 250)
(250, 250)
(250, 250)
(250, 250)
(250, 250)
(250, 250)
- - - - - - - - - - - - -
Point-6-g.jpg
(250, 141)
+++++++++
250 250
250 250
250 250
250 250
250 250
250 250
250 250
250 250
250 250
250 250
250 250
250 250
250 250
250 250
250 250
250 250
(250, 250)
(250, 250)
(250, 250)
(250, 250)
(250, 250)
(250, 250)
(250, 250)
(250, 250)
(250, 250)
(250, 250)
(250, 250)
(250, 250)
(250, 250)
(250, 250)
(250, 250)
(250, 250)
- - - - - - - - - - - - -
Point-6-c.jpg
(250, 141)
+++++++++
250 250
250 250
250 250
250 250
250 250
250 250
250 250
250 250
250 250
250 250
250 250
250 250
250 250
250 250
250 250
250 250
(250, 250)
(250, 250)
(250, 250)
(250, 250)
(250, 250)
(250, 250)
(250, 250)
(250, 250)
(250, 250)
(250, 250)
(250, 250)
(250, 250)
(250, 250)
(250, 250)
(250, 250)
(250, 250)
- - - - - - - - - - - - -
Point-6-d.jpg
(250, 141)
+++++++++
250 250
250 250
250 250
250 250
250 250
250 250
250 250
250 250
250 250
250 250
250 250
250 250
250 250
250 250
250 250
250 250
(250, 250)
(250, 250)
(250, 250)
(250, 250)
(250, 250)
(250, 250)
(250, 250)
(250, 250)
(250, 250)
(250, 250)
(250, 250)
(250, 250)
(250, 250)
(250, 250)
(250, 250)
(250, 250)
- - - - - - - - - - - - -
Point-6-e.jpg
(250, 141)
+++++++++
250 250
250 250
250 250
250 250
250 250
250 250
250 250
250 250
250 250
250 250
250 250
250 250
250 250
250 250
250 250
250 250
(250, 250)
(250, 250)
(250, 250)
(250, 250)
(250, 250)
(250, 250)
(250, 250)
(250, 250)
(250, 250)
(250, 250)
(250, 250)
(250, 250)
(250, 250)
(250, 250)
(250, 250)
(250, 250)
- - - - - - - - - - - - -
Point-6-f.jpg
(250, 141)
+++++++++
250 250
250 250
250 250
250 250
250 250
250 250
250 250
250 250
250 250
250 250
250 250
250 250
250 250
250 250
250 250
250 250
(250, 250)
(250, 250)
(250, 250)
(250, 250)
(250, 250)
(250, 250)
(250, 250)
(250, 250)
(250, 250)
(250, 250)
(250, 250)
(250, 250)
(250, 250)
(250, 250)
(250, 250)
(250, 250)
___________________
point_7
- - - - - - - - - - - - -
Point-7-d.jpg
(250, 141)
+++++++++
250 250
250 250
250 250
250 250
250 250
250 250
250 250
250 250
250 250
250 250
250 250
250 250
250 250
250 250
250 250
250 250
(250, 250)
(250, 250)
(250, 250)
(250, 250)
(250, 250)
(250, 250)
(250, 250)
(250, 250)
(250, 250)
(250, 250)
(250, 250)
(250, 250)
(250, 250)
(250, 250)
(250, 250)
(250, 250)
- - - - - - - - - - - - -
Point-7-g.jpg
(250, 141)
+++++++++
250 250
250 250
250 250
250 250
250 250
250 250
250 250
250 250
250 250
250 250
250 250
250 250
250 250
250 250
250 250
250 250
(250, 250)
(250, 250)
(250, 250)
(250, 250)
(250, 250)
(250, 250)
(250, 250)
(250, 250)
(250, 250)
(250, 250)
(250, 250)
(250, 250)
(250, 250)
(250, 250)
(250, 250)
(250, 250)
- - - - - - - - - - - - -
Point-7-f.jpg
(250, 141)
+++++++++
250 250
250 250
250 250
250 250
250 250
250 250
250 250
250 250
250 250
250 250
250 250
250 250
250 250
250 250
250 250
250 250
(250, 250)
(250, 250)
(250, 250)
(250, 250)
(250, 250)
(250, 250)
(250, 250)
(250, 250)
(250, 250)
(250, 250)
(250, 250)
(250, 250)
(250, 250)
(250, 250)
(250, 250)
(250, 250)
- - - - - - - - - - - - -
Point-7-h.jpg
(250, 141)
+++++++++
250 250
250 250
250 250
250 250
250 250
250 250
250 250
250 250
250 250
250 250
250 250
250 250
250 250
250 250
250 250
250 250
(250, 250)
(250, 250)
(250, 250)
(250, 250)
(250, 250)
(250, 250)
(250, 250)
(250, 250)
(250, 250)
(250, 250)
(250, 250)
(250, 250)
(250, 250)
(250, 250)
(250, 250)
(250, 250)
- - - - - - - - - - - - -
Point-7-c.jpg
(250, 141)
+++++++++
250 250
250 250
250 250
250 250
250 250
250 250
250 250
250 250
250 250
250 250
250 250
250 250
250 250
250 250
250 250
250 250
(250, 250)
(250, 250)
(250, 250)
(250, 250)
(250, 250)
(250, 250)
(250, 250)
(250, 250)
(250, 250)
(250, 250)
(250, 250)
(250, 250)
(250, 250)
(250, 250)
(250, 250)
(250, 250)
- - - - - - - - - - - - -
Point-7-e.jpg
(250, 141)
+++++++++
250 250
250 250
250 250
250 250
250 250
250 250
250 250
250 250
250 250
250 250
250 250
250 250
250 250
250 250
250 250
250 250
(250, 250)
(250, 250)
(250, 250)
(250, 250)
(250, 250)
(250, 250)
(250, 250)
(250, 250)
(250, 250)
(250, 250)
(250, 250)
(250, 250)
(250, 250)
(250, 250)
(250, 250)
(250, 250)
- - - - - - - - - - - - -
Point-7-b.jpg
(250, 141)
+++++++++
250 250
250 250
250 250
250 250
250 250
250 250
250 250
250 250
250 250
250 250
250 250
250 250
250 250
250 250
250 250
250 250
(250, 250)
(250, 250)
(250, 250)
(250, 250)
(250, 250)
(250, 250)
(250, 250)
(250, 250)
(250, 250)
(250, 250)
(250, 250)
(250, 250)
(250, 250)
(250, 250)
(250, 250)
(250, 250)
- - - - - - - - - - - - -
Point-7-a.jpg
(250, 141)
+++++++++
250 250
250 250
250 250
250 250
250 250
250 250
250 250
250 250
250 250
250 250
250 250
250 250
250 250
250 250
250 250
250 250
(250, 250)
(250, 250)
(250, 250)
(250, 250)
(250, 250)
(250, 250)
(250, 250)
(250, 250)
(250, 250)
(250, 250)
(250, 250)
(250, 250)
(250, 250)
(250, 250)
(250, 250)
(250, 250)
___________________
point_5
- - - - - - - - - - - - -
Point-5-e.jpg
(250, 141)
+++++++++
250 250
250 250
250 250
250 250
250 250
250 250
250 250
250 250
250 250
250 250
250 250
250 250
250 250
250 250
250 250
250 250
(250, 250)
(250, 250)
(250, 250)
(250, 250)
(250, 250)
(250, 250)
(250, 250)
(250, 250)
(250, 250)
(250, 250)
(250, 250)
(250, 250)
(250, 250)
(250, 250)
(250, 250)
(250, 250)
- - - - - - - - - - - - -
Point-5-f.jpg
(250, 141)
+++++++++
250 250
250 250
250 250
250 250
250 250
250 250
250 250
250 250
250 250
250 250
250 250
250 250
250 250
250 250
250 250
250 250
(250, 250)
(250, 250)
(250, 250)
(250, 250)
(250, 250)
(250, 250)
(250, 250)
(250, 250)
(250, 250)
(250, 250)
(250, 250)
(250, 250)
(250, 250)
(250, 250)
(250, 250)
(250, 250)
- - - - - - - - - - - - -
Point-5-b.jpg
(250, 141)
+++++++++
250 250
250 250
250 250
250 250
250 250
250 250
250 250
250 250
250 250
250 250
250 250
250 250
250 250
250 250
250 250
250 250
(250, 250)
(250, 250)
(250, 250)
(250, 250)
(250, 250)
(250, 250)
(250, 250)
(250, 250)
(250, 250)
(250, 250)
(250, 250)
(250, 250)
(250, 250)
(250, 250)
(250, 250)
(250, 250)
- - - - - - - - - - - - -
Point-5-d.jpg
(250, 141)
+++++++++
250 250
250 250
250 250
250 250
250 250
250 250
250 250
250 250
250 250
250 250
250 250
250 250
250 250
250 250
250 250
250 250
(250, 250)
(250, 250)
(250, 250)
(250, 250)
(250, 250)
(250, 250)
(250, 250)
(250, 250)
(250, 250)
(250, 250)
(250, 250)
(250, 250)
(250, 250)
(250, 250)
(250, 250)
(250, 250)
- - - - - - - - - - - - -
Point-5-c.jpg
(250, 141)
+++++++++
250 250
250 250
250 250
250 250
250 250
250 250
250 250
250 250
250 250
250 250
250 250
250 250
250 250
250 250
250 250
250 250
(250, 250)
(250, 250)
(250, 250)
(250, 250)
(250, 250)
(250, 250)
(250, 250)
(250, 250)
(250, 250)
(250, 250)
(250, 250)
(250, 250)
(250, 250)
(250, 250)
(250, 250)
(250, 250)
- - - - - - - - - - - - -
Point-5-g.jpg
(250, 141)
+++++++++
250 250
250 250
250 250
250 250
250 250
250 250
250 250
250 250
250 250
250 250
250 250
250 250
250 250
250 250
250 250
250 250
(250, 250)
(250, 250)
(250, 250)
(250, 250)
(250, 250)
(250, 250)
(250, 250)
(250, 250)
(250, 250)
(250, 250)
(250, 250)
(250, 250)
(250, 250)
(250, 250)
(250, 250)
(250, 250)
- - - - - - - - - - - - -
Point-5-a.jpg
(250, 141)
+++++++++
250 250
250 250
250 250
250 250
250 250
250 250
250 250
250 250
250 250
250 250
250 250
250 250
250 250
250 250
250 250
250 250
(250, 250)
(250, 250)
(250, 250)
(250, 250)
(250, 250)
(250, 250)
(250, 250)
(250, 250)
(250, 250)
(250, 250)
(250, 250)
(250, 250)
(250, 250)
(250, 250)
(250, 250)
(250, 250)
- - - - - - - - - - - - -
Point-5-h.jpg
(250, 141)
+++++++++
250 250
250 250
250 250
250 250
250 250
250 250
250 250
250 250
250 250
250 250
250 250
250 250
250 250
250 250
250 250
250 250
(250, 250)
(250, 250)
(250, 250)
(250, 250)
(250, 250)
(250, 250)
(250, 250)
(250, 250)
(250, 250)
(250, 250)
(250, 250)
(250, 250)
(250, 250)
(250, 250)
(250, 250)
(250, 250)
___________________
point_3
- - - - - - - - - - - - -
Point-3-h.jpg
(250, 141)
+++++++++
250 250
250 250
250 250
250 250
250 250
250 250
250 250
250 250
250 250
250 250
250 250
250 250
250 250
250 250
250 250
250 250
(250, 250)
(250, 250)
(250, 250)
(250, 250)
(250, 250)
(250, 250)
(250, 250)
(250, 250)
(250, 250)
(250, 250)
(250, 250)
(250, 250)
(250, 250)
(250, 250)
(250, 250)
(250, 250)
- - - - - - - - - - - - -
Point-3-f.jpg
(250, 141)
+++++++++
250 250
250 250
250 250
250 250
250 250
250 250
250 250
250 250
250 250
250 250
250 250
250 250
250 250
250 250
250 250
250 250
(250, 250)
(250, 250)
(250, 250)
(250, 250)
(250, 250)
(250, 250)
(250, 250)
(250, 250)
(250, 250)
(250, 250)
(250, 250)
(250, 250)
(250, 250)
(250, 250)
(250, 250)
(250, 250)
- - - - - - - - - - - - -
Point-3-c.jpg
(250, 141)
+++++++++
250 250
250 250
250 250
250 250
250 250
250 250
250 250
250 250
250 250
250 250
250 250
250 250
250 250
250 250
250 250
250 250
(250, 250)
(250, 250)
(250, 250)
(250, 250)
(250, 250)
(250, 250)
(250, 250)
(250, 250)
(250, 250)
(250, 250)
(250, 250)
(250, 250)
(250, 250)
(250, 250)
(250, 250)
(250, 250)
- - - - - - - - - - - - -
Point-3-a.jpg
(250, 141)
+++++++++
250 250
250 250
250 250
250 250
250 250
250 250
250 250
250 250
250 250
250 250
250 250
250 250
250 250
250 250
250 250
250 250
(250, 250)
(250, 250)
(250, 250)
(250, 250)
(250, 250)
(250, 250)
(250, 250)
(250, 250)
(250, 250)
(250, 250)
(250, 250)
(250, 250)
(250, 250)
(250, 250)
(250, 250)
(250, 250)
- - - - - - - - - - - - -
POint-3-g.jpg
(250, 141)
+++++++++
250 250
250 250
250 250
250 250
250 250
250 250
250 250
250 250
250 250
250 250
250 250
250 250
250 250
250 250
250 250
250 250
(250, 250)
(250, 250)
(250, 250)
(250, 250)
(250, 250)
(250, 250)
(250, 250)
(250, 250)
(250, 250)
(250, 250)
(250, 250)
(250, 250)
(250, 250)
(250, 250)
(250, 250)
(250, 250)
- - - - - - - - - - - - -
Point-3-b.jpg
(250, 141)
+++++++++
250 250
250 250
250 250
250 250
250 250
250 250
250 250
250 250
250 250
250 250
250 250
250 250
250 250
250 250
250 250
250 250
(250, 250)
(250, 250)
(250, 250)
(250, 250)
(250, 250)
(250, 250)
(250, 250)
(250, 250)
(250, 250)
(250, 250)
(250, 250)
(250, 250)
(250, 250)
(250, 250)
(250, 250)
(250, 250)
- - - - - - - - - - - - -
Point-3-d.jpg
(250, 141)
+++++++++
250 250
250 250
250 250
250 250
250 250
250 250
250 250
250 250
250 250
250 250
250 250
250 250
250 250
250 250
250 250
250 250
(250, 250)
(250, 250)
(250, 250)
(250, 250)
(250, 250)
(250, 250)
(250, 250)
(250, 250)
(250, 250)
(250, 250)
(250, 250)
(250, 250)
(250, 250)
(250, 250)
(250, 250)
(250, 250)
- - - - - - - - - - - - -
Point-3-e.jpg
(250, 141)
+++++++++
250 250
250 250
250 250
250 250
250 250
250 250
250 250
250 250
250 250
250 250
250 250
250 250
250 250
250 250
250 250
250 250
(250, 250)
(250, 250)
(250, 250)
(250, 250)
(250, 250)
(250, 250)
(250, 250)
(250, 250)
(250, 250)
(250, 250)
(250, 250)
(250, 250)
(250, 250)
(250, 250)
(250, 250)
(250, 250)
___________________
point_4
- - - - - - - - - - - - -
Point-4-e.jpg
(250, 141)
+++++++++
250 250
250 250
250 250
250 250
250 250
250 250
250 250
250 250
250 250
250 250
250 250
250 250
250 250
250 250
250 250
250 250
(250, 250)
(250, 250)
(250, 250)
(250, 250)
(250, 250)
(250, 250)
(250, 250)
(250, 250)
(250, 250)
(250, 250)
(250, 250)
(250, 250)
(250, 250)
(250, 250)
(250, 250)
(250, 250)
- - - - - - - - - - - - -
Point-4-d.jpg
(250, 141)
+++++++++
250 250
250 250
250 250
250 250
250 250
250 250
250 250
250 250
250 250
250 250
250 250
250 250
250 250
250 250
250 250
250 250
(250, 250)
(250, 250)
(250, 250)
(250, 250)
(250, 250)
(250, 250)
(250, 250)
(250, 250)
(250, 250)
(250, 250)
(250, 250)
(250, 250)
(250, 250)
(250, 250)
(250, 250)
(250, 250)
- - - - - - - - - - - - -
Point-4-c.jpg
(250, 141)
+++++++++
250 250
250 250
250 250
250 250
250 250
250 250
250 250
250 250
250 250
250 250
250 250
250 250
250 250
250 250
250 250
250 250
(250, 250)
(250, 250)
(250, 250)
(250, 250)
(250, 250)
(250, 250)
(250, 250)
(250, 250)
(250, 250)
(250, 250)
(250, 250)
(250, 250)
(250, 250)
(250, 250)
(250, 250)
(250, 250)
- - - - - - - - - - - - -
Point-4-a.jpg
(250, 141)
+++++++++
250 250
250 250
250 250
250 250
250 250
250 250
250 250
250 250
250 250
250 250
250 250
250 250
250 250
250 250
250 250
250 250
(250, 250)
(250, 250)
(250, 250)
(250, 250)
(250, 250)
(250, 250)
(250, 250)
(250, 250)
(250, 250)
(250, 250)
(250, 250)
(250, 250)
(250, 250)
(250, 250)
(250, 250)
(250, 250)
- - - - - - - - - - - - -
Point-4-f.jpg
(250, 141)
+++++++++
250 250
250 250
250 250
250 250
250 250
250 250
250 250
250 250
250 250
250 250
250 250
250 250
250 250
250 250
250 250
250 250
(250, 250)
(250, 250)
(250, 250)
(250, 250)
(250, 250)
(250, 250)
(250, 250)
(250, 250)
(250, 250)
(250, 250)
(250, 250)
(250, 250)
(250, 250)
(250, 250)
(250, 250)
(250, 250)
- - - - - - - - - - - - -
Point-4-h.jpg
(250, 141)
+++++++++
250 250
250 250
250 250
250 250
250 250
250 250
250 250
250 250
250 250
250 250
250 250
250 250
250 250
250 250
250 250
250 250
(250, 250)
(250, 250)
(250, 250)
(250, 250)
(250, 250)
(250, 250)
(250, 250)
(250, 250)
(250, 250)
(250, 250)
(250, 250)
(250, 250)
(250, 250)
(250, 250)
(250, 250)
(250, 250)
- - - - - - - - - - - - -
Point-4-g.jpg
(250, 141)
+++++++++
250 250
250 250
250 250
250 250
250 250
250 250
250 250
250 250
250 250
250 250
250 250
250 250
250 250
250 250
250 250
250 250
(250, 250)
(250, 250)
(250, 250)
(250, 250)
(250, 250)
(250, 250)
(250, 250)
(250, 250)
(250, 250)
(250, 250)
(250, 250)
(250, 250)
(250, 250)
(250, 250)
(250, 250)
(250, 250)
- - - - - - - - - - - - -
Point-4-b.jpg
(250, 141)
+++++++++
250 250
250 250
250 250
250 250
250 250
250 250
250 250
250 250
250 250
250 250
250 250
250 250
250 250
250 250
250 250
250 250
(250, 250)
(250, 250)
(250, 250)
(250, 250)
(250, 250)
(250, 250)
(250, 250)
(250, 250)
(250, 250)
(250, 250)
(250, 250)
(250, 250)
(250, 250)
(250, 250)
(250, 250)
(250, 250)
(250, 250)
(250, 250)
(250, 250)
(250, 250)
(250, 250)
(250, 250)
(250, 250)
(250, 250)
(250, 250)
(250, 250)
(250, 250)
(250, 250)
(250, 250)
(250, 250)
(250, 250)
(250, 250)
(250, 250)
(250, 250)
(250, 250)
(250, 250)
(250, 250)
(250, 250)
(250, 250)
(250, 250)
(250, 250)
(250, 250)
(250, 250)
(250, 250)
(250, 250)
(250, 250)
(250, 250)
(250, 250)
(250, 250)
(250, 250)
(250, 250)
(250, 250)
(250, 250)
(250, 250)
(250, 250)
(250, 250)
(250, 250)
(250, 250)
(250, 250)
(250, 250)
(250, 250)
(250, 250)
(250, 250)
(250, 250)
(250, 250)
(250, 250)
(250, 250)
(250, 250)
(250, 250)
(250, 250)
(250, 250)
(250, 250)
(250, 250)
(250, 250)
(250, 250)
(250, 250)
(250, 250)
(250, 250)
(250, 250)
(250, 250)
(250, 250)
(250, 250)
(250, 250)
(250, 250)
(250, 250)
(250, 250)
(250, 250)
(250, 250)
(250, 250)
(250, 250)
(250, 250)
(250, 250)
(250, 250)
(250, 250)
(250, 250)
(250, 250)
(250, 250)
(250, 250)
(250, 250)
(250, 250)
(250, 250)
(250, 250)
(250, 250)
(250, 250)
(250, 250)
(250, 250)
(250, 250)
(250, 250)
(250, 250)
(250, 250)
(250, 250)
(250, 250)
(250, 250)
(250, 250)
(250, 250)
(250, 250)
(250, 250)
(250, 250)
(250, 250)
(250, 250)
(250, 250)
(250, 250)
(250, 250)
(250, 250)
(250, 250)
(250, 250)
(250, 250)
(250, 250)
(1, 250, 250)
Epoch 1/13
1/1 - 0s - loss: 0.2869 - val_loss: 0.4187
Epoch 2/13
1/1 - 0s - loss: 0.2792 - val_loss: 0.4147
Epoch 3/13
1/1 - 0s - loss: 0.2646 - val_loss: 0.4052
Epoch 4/13
1/1 - 0s - loss: 0.2551 - val_loss: 0.4047
Epoch 5/13
1/1 - 0s - loss: 0.2594 - val_loss: 0.4062
Epoch 6/13
1/1 - 0s - loss: 0.2641 - val_loss: 0.4072
Epoch 7/13
1/1 - 0s - loss: 0.2536 - val_loss: 0.4079
Epoch 8/13
1/1 - 0s - loss: 0.2551 - val_loss: 0.4008
Epoch 9/13
1/1 - 0s - loss: 0.2435 - val_loss: 0.4028
Epoch 10/13
1/1 - 0s - loss: 0.2464 - val_loss: 0.3960
Epoch 11/13
1/1 - 0s - loss: 0.2554 - val_loss: 0.3965
Epoch 12/13
1/1 - 0s - loss: 0.2547 - val_loss: 0.3967
Epoch 13/13
1/1 - 0s - loss: 0.2505 - val_loss: 0.3938
0.48214285714285715
