/gpfs/users/dunoyerg/navigation_indoor_safran/safran_project/output.csv /gpfs/workdir/dunoyerg/temp_data/
device : cuda:0
/gpfs/workdir/dunoyerg/temp_data/ /gpfs/users/dunoyerg/navigation_indoor_safran/safran_project/output.csv [155, 95, 162, 118, 275, 398, 411, 129, 314, 397, 301, 279, 144, 179, 292, 168, 59, 335, 417, 147, 55, 127, 70, 415, 153, 0, 32, 321, 294, 116, 126, 107, 348, 315, 92, 370, 296, 31, 46, 73, 164, 191, 320, 60, 416, 280, 209, 421, 369, 366, 365, 240, 14, 206, 71, 50, 102, 119, 329, 247, 139, 65, 262, 293, 205, 125, 386, 64, 264, 96, 199, 22, 381, 75, 410, 346, 263, 212, 24, 38, 15, 216, 392, 220, 353, 145, 142, 28, 419, 257, 344, 72, 80, 180, 245, 333, 143, 9, 357, 409, 89, 88, 35, 283, 169, 400, 108, 4, 308, 177, 351, 235, 359, 149, 395, 224, 289, 371, 124, 190, 232, 123, 165, 132, 82, 238, 256, 176, 347, 69, 110, 194, 277, 307, 188, 152, 197, 288, 115, 101, 137, 77, 361, 267, 3, 8, 202, 63, 309, 203, 49, 412, 273, 138, 431, 140, 170, 34, 172, 131, 201, 336, 332, 323, 234, 130, 16, 141, 367, 389, 246, 86, 217, 221, 163, 198, 241, 423, 258, 78, 196, 340, 405, 122, 406, 254, 98, 117, 233, 338, 298, 193, 349, 159, 249, 187, 266, 374, 79, 276, 268, 439, 178, 310, 287, 13, 316, 225, 373, 438, 407, 223, 326, 435, 58, 282, 304, 90, 215, 376, 433, 1, 68, 354, 396, 425, 97, 379, 364, 135, 375, 146, 227, 214, 350, 274, 297, 236, 408, 45, 210, 41, 94, 171, 136, 66, 385, 19, 53, 106, 327, 271, 67, 313, 44, 355, 104, 303, 422, 399, 51, 204, 418, 18, 48, 43, 360, 358, 382, 11, 148, 62, 343, 302, 151, 261, 403, 356, 10, 402, 207, 57, 99, 6, 30, 222, 259, 281, 437, 372, 218, 54, 331, 7, 334, 426, 404, 243, 337, 231, 103, 285, 219, 26, 345, 424, 383, 37, 2, 362, 36, 21, 39, 237, 272, 83, 23, 5, 150, 414, 182, 305, 306, 105, 248, 252, 112, 440, 284, 432, 158, 388, 213, 211, 251, 341, 120, 157, 368, 322, 295, 378, 161, 325, 260, 93, 87, 420, 317, 186, 290, 311, 109, 269, 175, 40, 380, 278, 156, 390, 318, 384, 239, 181, 183, 200, 160, 134, 25, 255, 167, 184, 189, 76, 393, 100, 352, 339, 56, 401, 85, 270, 428, 208, 42, 91, 154, 47, 242, 377, 52, 61, 324, 113, 29, 319, 166, 363, 128, 12, 228, 330, 173, 391, 195, 430, 27, 226, 253, 265, 111, 299, 342, 291, 434, 17, 328, 114] 3 Compose(
    ToTensor()
)
7918
72
##############################
Working on model =   batch size: 100 epochs: 1 lr: 1
Train Epoch: 0 [0/7918 (0%)]	Loss: 0.728173

 train set: Average loss: 0.0082, Accuracy: 3959/7918 (50%)


 test set: Average loss: 0.0182, Accuracy: 0/72 (0%)

________________________________________
--- 119.65114545822144 seconds ---
